dra_enable_flag = 1
dra_number_ranges = 10
dra_range = 0 301 367 434 501 567 634 701 767 834
dra_scale = 1 1.123046875 1.259765625 1.4140625 1.587890625 1.78125 2 2.244140625 2.51953125 2.828125
